# Frame list with one line of data per frame:
#   FRAME_ID, RIG_ID, RIG_FROM_WORLD[QW, QX, QY, QZ, TX, TY, TZ], NUM_DATA_IDS, DATA_IDS[] as (SENSOR_TYPE, SENSOR_ID, DATA_ID)
# Number of frames: 62
1 1 0.93462879729725989 -0.060795145306161841 0.348484258198823 0.036492236948376548 -5.2182870615740553 -0.16696664152775756 1.2226772096484277 1 CAMERA 1 1
2 1 0.9356091190284832 -0.043460322832021031 0.34755255313916283 0.044204066968227117 -5.2197082068295222 -0.23321860479834289 1.2054716430232124 1 CAMERA 1 2
3 1 0.93818432316509914 -0.04807421661837475 0.33734851919208386 0.060786693138242733 -5.2038156272401004 -0.42244262682313521 1.0840109968258274 1 CAMERA 1 3
4 1 0.94227210728442823 -0.048582214494570952 0.32469053836414857 0.065871834385918454 -5.1434995876230438 -0.48274069003555586 0.91895018105817505 1 CAMERA 1 4
5 1 0.93232417842119308 -0.066479082785803209 0.35055247375446719 0.058865278626957673 -4.9670847845922426 -0.41570566365714734 1.1849309150690472 1 CAMERA 1 5
6 1 0.90870467242325081 -0.064367002944334534 0.40394569553204623 0.083310157299381515 -4.6553526295048613 -0.63563130058012518 1.7221871140620484 1 CAMERA 1 6
7 1 0.90376347754654729 -0.054262286327653626 0.42076328771751931 0.056792927769322737 -4.4830735994910045 -0.34595440965189728 1.8264561757125686 1 CAMERA 1 7
8 1 0.89367091164642787 -0.072235241386225391 0.43470514383510156 0.084651104554046258 -4.2217090943264273 -0.61842328520922418 1.9555071082435098 1 CAMERA 1 8
9 1 0.88246581426921999 -0.07199090677469959 0.45777143484736632 0.080726138429275868 -3.9596066710245714 -0.53546539739623222 2.132790973383508 1 CAMERA 1 9
10 1 0.87771242298416763 -0.056044044675994747 0.47005457809218942 0.074354967622819332 -3.753703364443199 -0.48475189120954326 2.1560043334354022 1 CAMERA 1 10
11 1 0.8540582683317639 -0.068497735957541855 0.50345579349355474 0.11146658001667992 -3.3285491484898704 -0.73677644011292975 2.359079748640061 1 CAMERA 1 11
12 1 0.85018986231097404 -0.093291280496049414 0.50592665272801807 0.11185775371639482 -3.1120277397715008 -0.68138832492862622 2.3248917128520081 1 CAMERA 1 12
13 1 0.84663288709944007 -0.060357154994402994 0.5200511956192686 0.095480481029461842 -2.9053152684020138 -0.56449017050650618 2.3207238647625128 1 CAMERA 1 13
14 1 0.84397784784317087 -0.029929673591621263 0.52658292506935522 0.097550141025580114 -2.70646104947155 -0.56963476331495533 2.2681144549292296 1 CAMERA 1 14
15 1 0.85806299405564412 -0.032555338281102554 0.49845993320135468 0.11918784826721145 -2.6184963171223217 -0.72267807605249179 2.0075773135718475 1 CAMERA 1 15
16 1 0.8785199252444571 -0.028239742236298875 0.4660827175625859 0.10085711822363234 -2.6472712508509102 -0.57966010105884291 1.7539281695943865 1 CAMERA 1 16
17 1 0.89390837703015391 0.0062803085548785373 0.4398795902690863 0.085990216097370703 -2.5874043466400858 -0.48819996372416813 1.4892311593127381 1 CAMERA 1 17
18 1 0.90332736202433983 -0.036657052384040004 0.41850243034332141 0.086669794769541397 -2.4960480507090126 -0.45934542340142809 1.3150400541837908 1 CAMERA 1 18
19 1 0.92836097472603407 -0.049460101762363803 0.36232960718364349 0.066459421435423036 -2.4766856837039248 -0.32814724184763411 0.94452713286596091 1 CAMERA 1 19
20 1 0.91907920164805945 -0.034541108312385459 0.38349020976323556 0.083878435549714067 -2.2602762043065008 -0.4246248505353506 0.96585881332726509 1 CAMERA 1 20
21 1 0.89561167596818203 -0.047081093356216575 0.43563649796329862 0.076706832551736187 -1.9620966571007856 -0.29980673097712457 1.1101180952958869 1 CAMERA 1 21
22 1 0.89168416000310102 -0.055888869415881059 0.44117563081293731 0.0844976677298587 -1.7725335683672945 -0.31886940264419017 1.0216166771315851 1 CAMERA 1 22
23 1 0.90153381738382954 -0.050018227599504389 0.4230308894717375 0.076025124622685389 -1.6504805078985643 -0.25603553665878515 0.83089157050046381 1 CAMERA 1 23
24 1 0.86280391655013688 -0.061421947169209692 0.49213377207749365 0.097985184453900739 -1.3209267150457682 -0.28975575797259728 0.94325598347410777 1 CAMERA 1 24
25 1 0.87356269676902398 -0.07605351417461953 0.47184553601898493 0.092010151256683756 -1.1592473491139466 -0.2637641695433568 0.8064343426428543 1 CAMERA 1 25
26 1 0.88324925548319433 -0.052162664193940361 0.45777170045714205 0.087148605342539306 -1.0041886184733448 -0.22455307411335679 0.71957202126267517 1 CAMERA 1 26
27 1 0.87354908441944246 -0.01991600196365104 0.47562165091732916 0.10148593574684114 -0.76630528652509045 -0.26335578185470343 0.66794297671101599 1 CAMERA 1 27
28 1 0.87313717161450566 -0.055189296219303532 0.47331924906941464 0.10273514290740342 -0.58978863665726133 -0.23100981282668159 0.63017219785049305 1 CAMERA 1 28
29 1 0.88590481527520815 -0.046726469210321912 0.44771293078934155 0.11199297724122997 -0.41950620585662318 -0.22275190074449905 0.56510226964374266 1 CAMERA 1 29
30 1 0.87426334829326846 -0.01410536264297099 0.46770255396985821 0.12930180813053463 -0.20043920640253315 -0.25717930674560702 0.51185652538836124 1 CAMERA 1 30
31 1 0.87772751063888588 -0.031143928155076047 0.46276308595437293 0.12031125917686061 -0.021307687715167892 -0.18697545162920043 0.4684764766243617 1 CAMERA 1 31
32 1 0.91685960661930299 -0.02622631021122953 0.38727676266731176 0.093259592002796265 0.089887385271928327 -0.17765304362293169 0.41425111222374911 1 CAMERA 1 32
33 1 0.92698444400193092 -0.049593908673929689 0.36385436206508365 0.07648717544192668 0.27816417050627834 -0.15157416068664414 0.38621109284506594 1 CAMERA 1 33
34 1 0.91569557836479054 -0.020424703727106006 0.38991529585279661 0.095134122694528714 0.52524798783085114 -0.12370791086058675 0.26774572136864622 1 CAMERA 1 34
35 1 0.9300035466615616 -0.048886090960292096 0.3473691745873666 0.10971877621460474 0.77427812715858269 -0.061063808178131264 0.24783165863058534 1 CAMERA 1 35
36 1 0.93207345870079927 -0.022215863204855486 0.35173000099730711 0.083854215195343612 0.97355906458600594 -0.075389233480200393 0.16333415562389375 1 CAMERA 1 36
37 1 0.91423854736618071 -0.018567969701788346 0.39939863272017928 0.065603667520808692 1.2292853023278971 -0.092645423690744771 -0.042575525127950174 1 CAMERA 1 37
38 1 0.90695205555562974 -0.05810522568781195 0.40265193296580087 0.10923906146654093 1.4587636072140575 0.072822281726474591 -0.16064542692497055 1 CAMERA 1 38
39 1 0.92377988425668933 -0.032132247788876953 0.37331838463196909 0.078940659932059384 1.6900370182109061 0.04177333459553035 -0.13835257797444073 1 CAMERA 1 39
40 1 0.92644050489004037 0.005463060401234932 0.37052734662194348 0.066239197424499824 1.9181217447980536 -0.010740636891547108 -0.21951582630865479 1 CAMERA 1 40
41 1 0.93509376405973066 -0.029043503424803375 0.34549095166738747 0.073431121749441067 2.157801453454701 0.079001754860222775 -0.18104972592509172 1 CAMERA 1 41
42 1 0.94939254583159471 -0.046215062327004008 0.30432892352762109 0.062464936068436526 2.3670127339793905 0.10015538588219597 -0.027226402812306257 1 CAMERA 1 42
43 1 0.95316391076637652 0.0045329010596252004 0.28924369762200797 0.088295500488299469 2.5916138894852208 0.15383788179150884 -0.049832923715881439 1 CAMERA 1 43
44 1 0.94847591728295233 -0.035862173578104041 0.30211500775659011 0.088509100824444284 2.790781578986028 0.26065698733678477 -0.18849258213959641 1 CAMERA 1 44
45 1 0.96591111124054674 -0.035511011284984378 0.24797818344270278 0.065280271108714233 3.0214737525113775 0.20849380574086571 0.064331041731265082 1 CAMERA 1 45
46 1 0.9779859883922164 0.013523843567876887 0.19943238215199349 0.05989354817367798 3.2227832147178073 0.08990168131578867 0.2875221903915034 1 CAMERA 1 46
47 1 0.9807188323793059 -0.0013749243992426587 0.1896178793271712 0.047262471781886715 3.4436361568271163 0.13456959933172213 0.29227975231276032 1 CAMERA 1 47
48 1 0.98191686462451011 -0.039102040050936294 0.17572173736255003 0.058584745865400328 3.6421717095611794 0.33578210715893009 0.30788021686323452 1 CAMERA 1 48
49 1 0.98578311223516291 -0.032557060319188792 0.16114436804138335 0.034701384754389865 3.8509444351596902 0.19294762522139003 0.33500848075902318 1 CAMERA 1 49
50 1 0.98509360735684104 -0.0035626449262375574 0.17015864458823907 0.024978550352430733 4.0743110431439797 0.11846006171506016 0.16863900027861944 1 CAMERA 1 50
51 1 0.98825583843858367 -0.027667208552486004 0.14902337850266223 0.019415355330708751 4.2929543634256397 0.14600079378551975 0.26775674646879755 1 CAMERA 1 51
52 1 0.997646013270442 -0.012668365435691907 0.067393146079600896 0.00032952128084783782 4.3617713705425825 0.028503393892041023 0.94965703192939332 1 CAMERA 1 52
53 1 0.99879559759042547 0.022285593554732454 0.0080332762330344101 -0.042967115645130151 4.4030394535442055 -0.42864123029215712 1.3968070599983244 1 CAMERA 1 53
54 1 0.99915114747686085 0.014259952566914529 0.023176497681925284 -0.030927143477234652 4.6441833574468827 -0.27544218244878405 1.2145588163264722 1 CAMERA 1 54
55 1 0.9961943408202516 0.012846097407031996 -0.062424656206784279 -0.059455659079504258 4.5613759068328088 -0.48757467772095864 1.9407631732439383 1 CAMERA 1 55
56 1 0.99032829385452958 0.026377363982937798 -0.10023070308448738 -0.092238339207064632 4.5341489027604629 -0.84276061544120329 2.2104465589013835 1 CAMERA 1 56
57 1 0.99063812763940828 0.034138389950094022 -0.099640776484796204 -0.086846911633113769 4.75589444332517 -0.78459313801880104 2.1370430318184974 1 CAMERA 1 57
58 1 0.98450270162622744 0.0094177162642157079 -0.15737711095875515 -0.076799622767967812 4.6902387738216076 -0.57347068066450491 2.6365069114137545 1 CAMERA 1 58
59 1 0.97959844385183314 0.018553555097018806 -0.17814969560423558 -0.091133640070212754 4.7361082455782668 -0.73073405460423946 2.790508599816425 1 CAMERA 1 59
60 1 0.97162243094163137 0.019789632332729859 -0.19181995277651984 -0.13697929719495536 4.7559625125546647 -1.1975444934586963 2.8633235608855006 1 CAMERA 1 60
61 1 0.96049034492725527 0.0079563885284099911 -0.25198658459658585 -0.11788873723327009 4.6117507367826995 -0.92931890205018419 3.4485552146688105 1 CAMERA 1 61
62 1 0.95105804726648124 0.011525105284221219 -0.27232479037144797 -0.14558492788404351 4.5809966858465145 -1.2305584601701087 3.632609109117324 1 CAMERA 1 62
