First:

0.992634892464 0.072190538049 0.097285658121 -0.158589482307
0.072190538049 0.292410522699 -0.953564167023 1.554444432259
-0.097285658121 0.953564167023 0.285045415163 0.984813094139
0.000000000000 0.000000000000 0.000000000000 1.000000000000

Then:

1.000000000000 0.000000000000 0.000000000000 -0.158589480000
0.000000000000 -1.000000000000 0.000000000000 1.554444430000
0.000000000000 0.000000000000 -1.000000000000 0.984813090000
0.000000000000 0.000000000000 0.000000000000 1.000000000000

Last:

1.000000000000 0.000000000000 0.000000000000 0.000000000000
0.000000000000 0.000000000000 1.000000000000 0.000000000000
0.000000000000 -1.000000000000 0.000000000000 0.000000000000
0.000000000000 0.000000000000 0.000000000000 1.000000000000